camera: 100
light: 0.577 0.577 0.577
sphere: -6.300 -7.679 -5.670 2.626 0.738 0.801 0.339
sphere: -8.732 5.140 3.296 2.784 0.128 0.708 0.633
sphere: -6.139 -6.738 -9.822 2.227 0.078 0.521 0.309
sphere: -8.285 7.404 -9.899 3.145 0.069 0.463 0.172
sphere: -5.120 -3.224 1.518 1.948 0.535 0.220 0.529
sphere: 1.672 3.024 -0.223 2.256 0.812 0.418 0.488
sphere: 7.228 -5.523 9.260 1.488 0.519 0.835 0.740
sphere: 0.761 4.116 5.004 3.253 0.880 0.415 0.456
sphere: 3.860 3.969 9.208 1.204 0.610 0.960 0.353
sphere: -8.778 -8.582 7.456 1.669 0.243 0.905 0.489
sphere: 5.559 -3.379 -6.170 3.647 0.117 0.778 0.088
sphere: 6.131 -9.993 -4.722 2.300 0.412 0.205 0.111
sphere: -5.952 -0.387 -0.689 1.817 0.650 0.065 0.461
sphere: 4.640 0.401 -9.293 3.845 0.500 0.231 0.088
sphere: 1.941 -9.191 -3.166 3.735 0.425 0.327 0.556
sphere: 0.728 -9.100 7.539 2.504 0.008 0.770 0.786
sphere: 4.925 -2.550 -1.086 3.434 0.884 0.191 0.548
sphere: -7.131 8.311 -3.503 2.114 0.551 0.363 0.640
sphere: 5.112 9.476 9.005 1.201 0.079 0.129 0.011
sphere: -3.236 -5.587 -8.330 1.086 0.453 0.833 0.615
sphere: 0.078 -1.234 1.286 3.223 0.224 0.237 0.101
sphere: -1.419 -5.825 8.960 2.063 0.319 0.967 0.547
sphere: 6.712 3.654 0.356 2.268 0.751 0.839 0.192
sphere: 9.669 -9.751 -3.928 2.536 0.487 0.560 0.821
sphere: -0.184 -9.077 6.471 3.852 0.324 0.947 0.026
sphere: 1.645 -8.470 -2.281 2.485 0.636 0.306 0.070
sphere: -0.675 -0.407 -1.166 2.047 0.354 0.006 0.861
sphere: -0.923 3.340 -7.677 1.357 0.530 0.782 0.338
sphere: -9.798 9.847 0.762 3.194 0.017 0.893 0.640
sphere: -5.091 -1.906 -4.796 1.863 0.674 0.851 0.379
sphere: 4.467 -6.809 3.992 1.011 0.217 0.091 0.027
sphere: 1.163 4.828 -4.046 2.694 0.814 0.763 0.984
sphere: -0.660 -4.757 -5.390 3.263 0.441 0.053 0.447
sphere: -8.355 -2.434 -6.607 1.491 0.765 0.977 0.085
sphere: -5.373 -4.967 7.552 3.322 0.897 0.196 0.723
sphere: 5.776 9.984 -0.371 1.147 0.984 0.066 0.079
sphere: -0.834 -0.545 6.409 1.607 0.031 0.126 0.296
sphere: -6.573 -7.343 -7.413 3.811 0.811 0.294 0.292
sphere: -4.939 -7.868 -0.146 2.254 0.748 0.042 0.951
sphere: -4.628 6.280 2.096 1.019 0.025 0.033 0.886
sphere: 5.247 -3.329 -5.295 3.373 0.945 0.146 0.827
sphere: -9.154 2.246 -5.760 3.060 0.799 0.008 0.571
sphere: -5.035 8.663 -7.374 3.410 0.810 0.286 0.369
sphere: -2.498 -7.948 2.313 1.206 0.656 0.836 0.278
sphere: -7.837 3.053 -6.859 2.811 0.771 0.271 0.178
sphere: 0.192 -2.627 9.037 2.619 0.932 0.122 0.193
sphere: -7.331 -3.768 -9.191 1.162 0.545 0.590 0.462
sphere: -7.897 4.173 -9.707 3.682 0.014 0.954 0.575
sphere: 5.862 -7.344 -5.385 1.748 0.176 0.737 0.620
sphere: -2.764 8.083 4.323 2.035 0.216 0.854 0.367
sphere: 4.360 -4.226 6.426 3.809 0.720 0.441 0.065
sphere: 6.928 0.147 -8.631 3.624 0.227 0.003 0.915
sphere: -4.652 -8.766 0.589 1.708 0.371 0.548 0.879
sphere: -5.496 -6.585 7.672 1.999 0.695 0.179 0.678
sphere: -5.494 2.634 -1.772 2.720 0.316 0.056 0.536
sphere: -8.098 -8.706 -0.685 1.200 0.310 0.146 0.865
sphere: -8.477 0.297 -7.230 1.325 0.280 1.000 0.762
sphere: 9.051 0.886 -4.068 2.089 0.745 0.733 0.743
sphere: -2.085 0.530 9.930 1.513 0.624 0.163 0.961
sphere: -3.092 -1.459 8.502 1.147 0.874 0.252 0.718
sphere: -0.527 3.557 -4.768 3.779 0.389 0.567 0.211
sphere: 7.947 9.685 -0.659 3.882 0.333 0.110 0.861
sphere: -2.487 -6.523 0.560 1.541 0.707 0.484 0.722
sphere: -3.264 -6.179 6.294 2.127 0.587 0.426 0.061
sphere: -3.484 2.237 -4.625 3.073 0.457 0.998 0.837
sphere: -8.191 6.855 3.032 2.098 0.556 0.628 0.700
sphere: -0.050 0.101 0.425 3.431 0.317 0.173 0.526
sphere: -3.483 6.579 5.429 2.432 0.922 0.449 0.314
sphere: 9.360 7.331 9.370 1.552 0.419 0.781 0.098
sphere: -1.058 8.124 1.130 3.101 0.584 0.047 0.727
sphere: -0.451 -2.870 -5.903 1.138 0.851 0.502 0.626
sphere: -1.351 3.338 4.059 3.651 0.473 0.163 0.362
sphere: -2.613 -4.967 -1.494 1.646 0.326 0.855 0.284
sphere: -8.480 4.039 4.675 3.533 1.000 0.050 0.879
sphere: 2.063 1.211 -3.077 3.244 0.275 0.746 0.615
sphere: 3.015 3.717 8.245 3.298 0.775 0.387 0.021
sphere: -2.230 -9.651 -5.700 1.869 0.069 0.252 0.955
sphere: 6.180 0.682 0.068 1.542 0.578 0.617 0.009
sphere: 8.311 -2.888 -3.870 1.177 0.711 0.121 0.214
sphere: 4.047 -9.886 -9.139 2.663 0.163 0.290 0.964

