camera: 200
light: 0.577 0.577 0.577
sphere: -0.612 -8.503 -7.007 1.324 0.784 0.899 0.713
sphere: 2.713 2.024 -4.646 0.704 0.656 0.625 0.120
sphere: -4.665 5.698 -5.572 1.015 0.484 0.700 0.501
sphere: 4.014 -0.040 -9.913 1.022 0.701 0.588 0.366
sphere: -3.382 7.375 -2.899 1.177 0.725 0.303 0.111
sphere: -9.776 -8.714 4.337 0.631 0.471 0.119 0.556
sphere: -5.461 0.393 8.358 0.703 0.928 0.363 0.096
sphere: -7.516 -2.777 -5.607 1.348 0.555 0.856 0.322
sphere: -9.318 -1.816 -7.332 1.305 0.993 0.322 0.011
sphere: 7.229 5.633 -6.791 0.528 0.459 0.548 0.555
sphere: 4.552 6.614 -5.866 0.518 0.701 0.575 0.056
sphere: -6.960 -8.022 8.751 0.956 0.649 0.358 0.431
sphere: -4.187 -3.380 -4.315 1.494 0.946 0.388 0.110
sphere: 1.128 8.828 -1.129 0.842 0.489 0.239 0.577
sphere: 7.062 5.218 -3.456 1.297 0.734 0.119 0.837
sphere: -3.083 5.186 -7.777 0.493 0.038 0.376 0.065
sphere: 4.191 2.539 2.904 0.828 0.882 0.538 0.670
sphere: -8.543 -7.055 -6.096 0.667 0.680 0.321 0.451
sphere: -5.864 -9.419 7.584 0.397 0.746 0.305 0.985
sphere: 1.984 -4.204 7.619 1.246 0.061 0.971 0.970
sphere: 9.300 -1.862 3.926 1.301 0.235 0.892 0.489
sphere: -3.348 6.643 6.878 0.367 0.384 0.518 0.739
sphere: -2.223 5.195 2.266 0.783 0.149 0.029 0.671
sphere: -5.007 -9.310 8.869 0.617 0.943 0.056 0.143
sphere: -3.522 -1.010 -2.808 0.912 0.303 0.030 0.366
sphere: -4.911 3.034 -9.953 1.224 0.478 0.165 0.106
sphere: -0.391 -7.804 7.540 0.756 0.826 0.795 0.572
sphere: -9.808 -5.550 -5.248 1.016 0.919 0.820 0.970
sphere: -4.694 -4.317 1.076 0.667 0.395 0.719 0.341
sphere: -5.820 -9.732 -9.348 1.300 0.354 0.149 0.374
sphere: -9.832 4.105 -6.191 1.283 0.680 0.264 0.732
sphere: 6.312 -2.558 -8.546 0.644 0.228 0.118 0.224
sphere: -1.954 1.004 1.268 0.855 0.716 0.329 0.199
sphere: -5.659 3.058 4.624 0.560 0.010 0.054 0.282
sphere: -5.414 2.767 3.609 1.360 0.014 0.366 0.159
sphere: 9.219 2.756 -2.753 0.629 0.077 0.150 0.520
sphere: 9.401 0.131 3.622 0.727 0.287 0.298 0.045
sphere: 9.063 0.122 -7.692 0.673 0.504 0.797 0.647
sphere: 8.483 -2.588 -1.345 1.001 0.671 0.405 0.674
sphere: 8.618 -7.779 -6.837 0.598 0.717 0.781 0.185
sphere: 6.768 0.350 -6.279 1.451 0.302 0.353 0.076
sphere: 8.885 -1.623 -3.262 0.718 0.689 0.178 0.663
sphere: -9.217 -8.076 8.905 0.563 0.120 0.919 0.670
sphere: -0.972 1.633 8.198 0.885 0.800 0.770 0.713
sphere: 2.255 1.972 4.605 0.409 0.456 0.345 0.384
sphere: -0.477 -6.057 -3.069 1.276 0.512 0.039 0.804
sphere: -1.082 -1.377 -6.364 1.056 0.800 0.403 0.599
sphere: -7.124 1.060 0.850 1.187 0.920 0.533 0.148
sphere: -3.144 -7.273 0.704 0.359 0.880 0.968 0.187
sphere: -7.411 -0.809 8.170 0.863 0.405 0.737 0.447
sphere: 0.567 -9.067 3.200 0.880 0.956 0.982 0.138
sphere: -4.949 4.386 5.519 1.259 0.881 0.739 0.897
sphere: 7.008 -8.562 -4.883 0.419 0.881 0.833 0.752
sphere: 7.910 5.010 -5.804 0.517 0.302 0.329 0.956
sphere: -2.390 -7.271 8.665 0.885 0.955 0.511 0.609
sphere: -0.087 8.740 -3.690 0.502 0.997 0.044 0.950
sphere: -3.659 -9.513 9.485 1.088 0.562 0.443 0.463
sphere: -3.704 -8.272 -9.197 0.423 0.691 0.883 0.525
sphere: -8.918 5.977 5.212 0.384 0.577 0.076 0.489
sphere: -7.871 -7.152 7.590 0.346 0.717 0.338 0.692
sphere: -7.089 -4.914 -2.846 0.797 0.796 0.221 0.372
sphere: 8.207 -6.081 1.928 1.428 0.524 0.364 0.750
sphere: 3.947 0.413 2.616 1.428 0.853 0.520 0.178
sphere: 5.138 -8.344 -2.595 1.023 0.751 0.940 0.089
sphere: -8.880 -2.485 -2.510 1.044 0.332 0.055 0.849
sphere: 5.475 2.514 9.045 0.470 0.361 0.270 0.469
sphere: 6.135 6.391 -3.658 0.560 0.618 0.438 0.381
sphere: 5.268 -5.415 0.083 0.368 0.181 0.942 0.786
sphere: -4.095 -3.024 -6.075 0.996 0.318 0.490 0.475
sphere: 4.870 7.507 -3.883 0.404 0.347 0.375 0.604
sphere: 6.143 2.977 8.077 0.652 0.337 0.340 0.085
sphere: 8.850 6.858 -3.119 0.805 0.594 0.030 0.190
sphere: 5.852 0.014 -4.721 1.366 0.440 0.719 0.231
sphere: 8.161 4.071 -9.931 1.347 0.715 0.038 0.803
sphere: 0.470 -3.342 0.750 1.471 0.760 0.329 0.426
sphere: 7.481 -1.497 -6.252 0.817 0.046 0.414 0.175
sphere: -5.317 -1.642 1.710 1.132 0.513 0.332 0.896
sphere: 3.412 -2.314 5.953 0.355 0.179 0.116 0.059
sphere: 5.730 -2.176 -2.002 0.860 0.733 0.615 0.123
sphere: -2.637 -4.981 8.953 1.264 0.539 0.390 0.496
sphere: 0.197 2.439 5.026 0.689 0.901 0.484 0.898
sphere: -4.953 6.261 0.295 1.148 0.469 0.010 0.982
sphere: 5.805 6.361 -2.536 1.070 0.764 0.972 0.165
sphere: -3.615 7.185 6.455 0.756 0.139 0.574 0.447
sphere: 8.918 4.591 -3.498 0.762 0.378 0.889 0.126
sphere: 7.381 9.155 1.977 0.983 0.925 0.155 0.973
sphere: 4.351 -6.524 -0.138 0.535 0.903 0.518 0.590
sphere: 4.030 8.520 -9.610 1.080 0.844 0.384 0.684
sphere: -8.046 -6.150 9.845 1.425 0.096 0.771 0.030
sphere: 0.408 -9.930 -6.739 1.156 0.609 0.015 0.893
sphere: 9.572 3.653 9.825 0.415 0.524 0.408 0.788
sphere: 6.179 -3.649 2.534 0.686 0.904 0.475 0.101
sphere: 0.594 -0.223 -2.517 0.711 0.183 0.205 0.582
sphere: -7.941 -9.591 -8.279 0.591 0.563 0.492 0.687
sphere: -4.916 4.443 -8.923 1.218 0.597 0.984 0.645
sphere: -5.406 -4.318 6.889 0.802 0.599 0.772 0.754
sphere: 3.724 -6.061 2.582 0.826 0.714 0.907 0.886
sphere: -8.654 -3.194 -5.790 1.079 0.885 0.075 0.084
sphere: 4.803 5.015 4.517 0.335 0.122 0.459 0.640
sphere: -9.314 1.535 -4.831 1.113 0.233 0.116 0.750
sphere: -7.628 5.000 -4.191 0.705 0.894 0.705 0.388
sphere: -9.645 -7.348 -8.755 1.186 0.141 0.798 0.484
sphere: 2.270 -6.252 -7.783 0.389 0.910 0.533 0.919
sphere: -7.914 -3.667 -9.530 0.374 0.306 0.420 0.832
sphere: 9.973 -3.814 -4.867 0.431 0.721 0.685 0.405
sphere: 6.659 1.428 8.060 1.030 0.590 0.877 0.721
sphere: -3.692 6.767 -3.287 1.496 0.302 0.770 0.065
sphere: 5.645 6.947 -8.782 0.748 0.088 0.001 0.250
sphere: 5.257 -4.984 0.261 1.307 0.523 0.473 0.927
sphere: 4.125 0.040 -3.329 1.131 0.985 0.923 0.277
sphere: 5.749 -6.052 -6.216 1.433 0.115 0.872 0.321
sphere: 6.831 -1.395 3.659 0.302 0.576 0.738 0.825
sphere: -3.485 0.400 7.767 1.213 0.936 0.614 0.574
sphere: -2.191 -2.176 -9.839 1.000 0.305 0.528 0.187
sphere: 9.505 1.108 -9.679 1.464 0.507 0.442 0.578
sphere: -3.505 -0.264 -0.645 1.107 0.129 0.074 0.240
sphere: -0.737 7.273 8.188 0.459 0.969 0.323 0.482
sphere: -0.139 8.652 4.560 0.758 0.320 0.999 0.922
sphere: -5.708 -1.453 -7.031 0.418 0.511 0.194 0.295
sphere: 4.072 5.645 -2.297 1.139 0.704 0.536 0.031
sphere: -3.706 -7.281 -1.143 0.866 0.149 0.998 0.779
sphere: 7.535 1.614 4.234 0.322 0.612 0.516 0.892
sphere: 0.840 0.506 -0.013 1.325 0.541 0.268 0.461
sphere: 7.782 5.433 0.044 1.188 0.600 0.322 0.541
sphere: 1.707 -8.689 -0.296 0.697 0.350 0.536 0.037
sphere: 7.365 6.290 1.211 1.361 0.742 0.128 0.533
sphere: -4.556 1.699 -1.106 1.167 0.979 0.190 0.829
sphere: 3.570 6.086 -9.824 0.808 0.348 0.778 0.935
sphere: 3.244 -9.342 4.833 0.347 0.024 0.913 0.160
sphere: -1.733 -3.970 8.546 0.386 0.387 0.029 0.713
sphere: 0.729 -0.340 1.089 0.848 0.116 0.599 0.456
sphere: 3.016 1.339 4.755 1.141 0.223 0.711 0.184
sphere: -3.739 6.509 9.464 1.015 0.026 0.950 0.593
sphere: -7.119 -8.186 1.287 0.913 0.251 0.778 0.556
sphere: 7.093 4.409 -1.228 1.066 0.004 0.132 0.903
sphere: -6.326 -4.369 0.227 1.029 0.147 0.210 0.111
sphere: -3.270 -3.601 9.098 0.904 0.590 0.159 0.304
sphere: 4.082 -4.497 9.251 0.442 0.687 0.446 0.207
sphere: 2.615 5.743 8.546 1.260 0.677 0.691 0.276
sphere: 1.015 7.469 4.855 0.635 0.988 0.979 0.261
sphere: 9.197 9.041 -3.213 1.165 0.004 0.435 0.041
sphere: 1.132 8.971 -7.399 0.479 0.807 0.980 0.907
sphere: -5.916 -1.626 -5.498 0.503 0.838 0.518 0.821
sphere: -8.891 6.526 -4.436 1.312 0.155 0.677 0.406
sphere: 5.261 -5.304 -0.895 1.355 0.085 0.681 0.558
sphere: 5.427 1.774 5.694 0.344 0.621 0.852 0.879
sphere: -4.843 -1.750 -3.702 0.368 0.767 0.724 0.756
sphere: 0.813 -8.839 -7.679 0.904 0.604 0.028 0.085
sphere: -4.754 5.711 3.991 0.689 0.499 0.715 0.823
sphere: -0.610 3.615 -4.839 0.850 0.300 0.938 0.179
sphere: 7.755 -9.475 -2.659 1.412 0.419 0.192 0.541
sphere: 7.623 9.932 6.712 0.475 0.452 0.159 0.712
sphere: 6.941 4.983 -0.584 0.645 0.017 0.410 0.433
sphere: 2.753 -8.840 -3.015 0.630 0.331 0.168 0.046
sphere: 7.074 -9.474 -8.866 0.613 0.659 0.220 0.180
sphere: 9.551 -0.753 -2.560 1.005 0.786 0.059 0.200
sphere: -1.820 -0.781 -3.925 0.463 0.321 0.319 0.729
sphere: 2.510 8.612 -5.629 1.423 0.870 0.655 0.593
sphere: -2.580 -6.157 5.089 0.868 0.297 0.738 0.238
sphere: 8.849 7.541 0.364 0.823 0.805 0.748 0.170
sphere: 2.342 2.787 4.493 1.102 0.639 0.837 0.318
sphere: 1.405 7.029 -9.344 1.048 0.159 0.493 0.202
sphere: -2.498 4.059 -4.198 0.567 0.793 0.704 0.716
sphere: -0.198 -2.780 8.449 0.405 0.434 0.016 0.305
sphere: -1.664 9.823 5.594 1.360 0.418 0.582 0.874
sphere: -2.994 1.154 -7.711 1.407 0.037 0.472 0.858
sphere: -6.796 -9.039 -7.895 1.290 0.223 0.662 0.289
sphere: -7.815 9.090 4.825 0.585 0.754 0.279 0.818
sphere: -8.819 -5.396 -3.342 1.034 0.528 0.492 0.745
sphere: -7.370 5.107 -3.208 0.363 0.749 0.007 0.380
sphere: 4.312 1.675 6.508 0.922 0.164 0.069 0.925
sphere: -1.838 5.173 -7.475 0.601 0.068 0.463 0.773
sphere: -2.360 4.982 9.200 0.861 0.326 0.950 0.768
sphere: -4.444 4.277 8.176 0.600 0.321 0.399 0.345
sphere: 5.299 -7.724 -6.597 0.678 0.507 0.987 0.654
sphere: 6.344 -2.666 8.355 0.377 0.305 0.461 0.088
sphere: 8.896 5.124 -8.015 0.905 0.487 0.159 0.153
sphere: 4.565 4.373 -0.819 1.028 0.146 0.137 0.275
sphere: -7.373 4.502 5.613 0.940 0.875 0.185 0.681
sphere: 2.739 -0.716 -2.856 0.493 0.071 0.471 0.085
sphere: -7.893 5.312 7.252 0.407 0.747 0.883 0.321
sphere: 3.065 -5.711 9.004 1.218 0.776 0.528 0.843
sphere: -5.660 1.039 -0.218 0.780 0.606 0.266 0.505
sphere: 6.793 -2.526 1.428 1.247 0.149 0.484 0.815
sphere: -1.675 -6.094 -8.088 1.127 0.148 0.599 0.863
sphere: 3.734 6.165 1.942 0.507 0.194 0.142 0.495
sphere: 7.457 -1.522 1.954 0.586 0.928 0.495 0.410
sphere: 8.379 7.232 -6.151 0.393 0.237 0.055 0.187
sphere: -1.870 -1.935 9.201 0.612 0.199 0.315 0.244
sphere: 2.080 -1.856 7.528 1.402 0.317 0.177 0.794
sphere: 8.811 5.437 4.807 0.631 0.142 0.325 0.579
sphere: -6.441 3.253 -6.767 0.437 0.671 0.458 0.482
sphere: 4.050 4.293 7.985 1.423 0.296 0.107 0.986
sphere: -3.258 -1.361 -2.890 0.466 0.724 0.912 0.496
sphere: 7.733 -8.010 1.514 0.992 0.992 0.667 0.538
sphere: -2.216 -2.329 9.492 0.691 0.760 0.264 0.067
sphere: 9.763 3.221 4.353 1.049 0.237 0.460 0.004
sphere: -7.944 -8.610 0.147 0.362 0.245 0.280 0.234
sphere: -8.433 8.743 -4.718 1.091 0.538 0.438 0.921
sphere: 6.848 6.523 -6.883 1.492 0.426 0.092 0.408
